X: -0.5312316684049185
Y: 0.5174708872222449
Z: -0.7420703238852173
Radius: 5.708305048037851
