X: -0.6348235538094917
Y: -0.9837789515321997
Z: 0.1913494294778566
Radius: 8.393508513525088
