X: -0.8295372160802443
Y: -1.0355394010478989
Z: 0.5409536940045183
Radius: 8.167202892721512
